,ID,code_departement
0,7005,80
8501,7015,59
17013,7020,50
24834,7027,14
33319,7037,76
41832,7072,51
50340,7110,29
58842,7117,22
67253,7130,35
75756,7139,61
84192,7149,91
92700,7168,10
101209,7181,54
109711,7190,67
118214,7207,56
126655,7222,44
135166,7240,37
143664,7255,18
152177,7280,21
160686,7299,68
169188,7314,17
177552,7335,86
186057,7434,87
194568,7460,63
202897,7471,43
211215,7481,69
219724,7510,33
228238,7535,46
236709,7558,12
245123,7577,26
253619,7591,05
262107,7607,40
270598,7621,65
279090,7627,09
287597,7630,31
296108,7643,34
304429,7650,13
312941,7661,83
318988,7690,06
327493,7747,66
335926,7761,2A
344429,7790,2B
376765,61980,974
408074,78890,971
415451,78897,971
423873,78922,972
431224,78925,972
439454,81401,973
446679,81405,973
455189,81408,973
462414,81415,973
482574,67005,976
